
10 4
Driver: 0
Time: 0
[0][0][0] 0 
[0] 0 [0] 0 
 0  0 [0] 0 
 0  0  0  0 

1 6
Driver: 1
Time: 2
 0 [0] 0  0 
 0 [0][0] 0 
 0  0  0  0 
 0  0  0  0 

10 14
Driver: 2
Time: 1
 0  0  0  0 
 0  0  0  0 
 0  0 [0] 0 
 0  0 [0] 0 

7 8
Driver: 3
Time: 3
[0][0][0][0]
[0] 0  0 [0]
[0] 0  0  0 
 0  0  0  0 

9 3
Driver: 4
Time: 3
 0  0  0 [0]
 0  0  0 [0]
 0 [0][0][0]
 0 [0][0] 0 

2 15
Driver: 5
Time: 4
 0  0 [0] 0 
 0  0 [0] 0 
 0  0 [0] 0 
 0  0 [0][0]

2 12
Driver: 6
Time: 7
 0  0 [0] 0 
 0  0 [0] 0 
 0  0 [0] 0 
[0][0][0] 0 

1 8
Driver: 7
Time: 7
 0 [0] 0  0 
[0][0] 0  0 
[0] 0  0  0 
 0  0  0  0 

7 8
Driver: 8
Time: 8
 0  0  0  0 
 0  0  0 [0]
[0][0][0][0]
 0  0  0  0 

8 3
Driver: 9
Time: 13
 0  0  0 [0]
 0  0 [0][0]
[0][0][0] 0 
 0  0  0  0 

3 8
Driver: 10
Time: 10
 0  0  0 [0]
 0  0  0 [0]
[0] 0  0 [0]
[0][0][0][0]

14 5
Driver: 11
Time: 12
 0  0  0  0 
 0 [0] 0  0 
 0 [0] 0  0 
 0 [0][0] 0 

4 9
Driver: 12
Time: 8
 0  0  0  0 
[0][0] 0  0 
 0 [0] 0  0 
 0  0  0  0 

7 8
Driver: 13
Time: 8
 0  0  0  0 
 0  0 [0][0]
[0][0][0] 0 
 0  0  0  0 

12 13
Driver: 14
Time: 4
 0  0  0  0 
 0  0  0  0 
 0  0  0  0 
[0][0] 0  0 

5 10
Driver: 15
Time: 12
 0  0  0  0 
 0 [0][0] 0 
 0  0 [0] 0 
 0  0  0  0 

10 4
Driver: 0
Time: 0
[0][0][0] 0 
[0] 0 [0] 0 
 0  0 [0] 0 
 0  0  0  0 

1 6
Driver: 1
Time: 1
 0 [0][0] 0 
 0  0 [0] 0 
 0  0  0  0 
 0  0  0  0 

10 14
Driver: 2
Time: 1
 0  0  0  0 
 0  0  0  0 
 0  0 [0] 0 
 0  0 [0] 0 

7 8
Driver: 3
Time: 4
[0][0][0][0]
[0] 0  0 [0]
[0] 0  0  0 
 0  0  0  0 

9 3
Driver: 4
Time: 5
 0 [0][0][0]
 0 [0] 0  0 
 0 [0] 0  0 
 0  0  0  0 

2 15
Driver: 5
Time: 5
 0  0 [0][0]
 0  0  0 [0]
 0  0  0 [0]
 0  0  0 [0]

2 12
Driver: 6
Time: 9
[0][0][0] 0 
[0] 0  0  0 
[0] 0  0  0 
[0] 0  0  0 

1 8
Driver: 7
Time: 8
[0][0] 0  0 
[0] 0  0  0 
[0] 0  0  0 
 0  0  0  0 

7 8
Driver: 8
Time: 8
[0][0][0][0]
[0] 0  0 [0]
[0] 0  0  0 
 0  0  0  0 

8 3
Driver: 9
Time: 13
[0][0][0][0]
[0] 0  0  0 
[0] 0  0  0 
 0  0  0  0 

3 8
Driver: 10
Time: 11
[0][0][0][0]
[0] 0  0  0 
[0] 0  0  0 
 0  0  0  0 

14 5
Driver: 11
Time: 8
 0  0  0  0 
 0 [0][0] 0 
 0  0 [0] 0 
 0  0 [0] 0 

4 9
Driver: 12
Time: 8
 0  0  0  0 
[0][0] 0  0 
 0 [0] 0  0 
 0  0  0  0 

7 8
Driver: 13
Time: 13
[0][0][0][0]
[0] 0  0 [0]
[0] 0  0  0 
 0  0  0  0 

12 13
Driver: 14
Time: 3
 0  0  0  0 
 0  0  0  0 
 0  0  0  0 
[0][0] 0  0 

5 10
Driver: 15
Time: 6
 0  0  0  0 
 0 [0][0] 0 
 0  0 [0] 0 
 0  0  0  0 
